0
1
3
4
5
6
7
8
9
10
11
12
13
14
15
16
17
19
20
21
22
24
25
27
28
29
31
32
33
34
35
36
37
38
40
41
42
44
45
46
47
48
49
50
51
52
54
55
56
57
58
59
60
61
62
63
64
65
66
67
69
70
71
72
73
74
75
76
77
78
79
80
81
82
83
85
86
87
88
89
90
91
92
93
94
95
96
97
98
99
100
101
102
104
105
106
109
111
113
114
115
116
117
119
120
121
122
124
125
126
127
128
129
130
131
132
133
134
135
136
137
138
139
140
141
142
144
145
146
147
150
151
152
153
154
155
156
157
159
160
161
163
164
165
166
167
168
170
171
172
174
175
176
178
179
180
181
182
183
184
186
187
188
189
190
191
192
193
194
195
196
197
198
201
202
203
204
205
206
208
209
210
211
212
213
214
216
217
218
219
220
221
222
223
224
230
232
233
234
235
236
237
238
239
240
241
242
243
244
245
246
247
249
250
251
252
253
254
255
256
257
258
259
260
262
263
264
265
266
267
268
269
270
271
272
273
274
275
276
277
278
279
280
281
282
283
285
286
287
288
289
290
291
292
293
294
295
296
297
298
299
301
302
303
304
305
306
307
308
311
312
313
314
315
316
317
318
319
320
321
322
323
325
326
327
328
329
330
331
333
335
338
340
342
343
345
346
347
348
350
351
353
354
355
356
357
358
359
360
361
362
363
364
365
367
368
369
370
371
372
373
374
375
376
377
378
379
380
381
382
384
385
387
389
390
391
394
395
396
397
398
399
400
401
402
403
404
406
408
409
410
412
413
414
415
416
417
418
419
420
422
423
424
425
426
428
429
430
431
432
433
434
435
436
439
440
441
443
445
446
447
448
451
452
454
455
456
457
459
460
461
463
464
465
466
468
469
470
471
472
473
474
476
478
479
480
481
482
484
485
486
489
490
491
492
493
494
495
497
498
499
500
501
503
504
505
506
510
512
513
515
516
517
518
519
520
521
522
523
524
525
526
527
528
529
531
532
533
534
537
538
539
540
542
544
545
546
547
548
550
552
553
554
555
556
557
558
559
561
563
565
566
568
570
571
572
573
575
577
579
580
581
582
583
584
585
587
591
595
597
598
599
600
601
602
604
607
608
609
610
611
612
613
614
616
617
618
619
620
622
623
624
625
626
627
628
629
631
632
633
634
635
637
638
639
641
644
646
647
648
649
650
652
653
654
655
656
657
658
659
660
661
662
663
664
665
666
667
669
672
674
675
679
680
681
682
683
684
688
690
691
692
693
694
696
697
698
699
700
701
702
703
704
706
708
709
710
711
712
714
715
716
718
719
720
721
723
724
725
726
727
728
729
730
731
734
736
737
739
740
742
744
745
746
747
748
749
752
754
755
756
757
758
759
760
761
762
763
764
765
767
769
772
773
774
776
777
779
780
782
783
784
785
786
787
788
789
790
791
792
793
794
795
797
798
799
800
801
802
803
804
805
807
808
809
810
811
812
814
815
821
823
826
827
828
829
830
831
832
833
834
835
836
837
838
839
841
842
843
844
845
846
847
849
850
851
852
854
855
856
858
859
860
861
863
864
866
869
871
873
874
877
883
885
886
887
888
889
890
891
892
893
898
900
901
902
903
904
905
906
908
909
910
912
915
916
917
918
920
922
923
924
927
928
929
931
932
933
935
936
938
940
941
942
944
945
946
947
949
950
952
957
958
959
962
963
965
966
968
970
971
972
973
978
979
980
982
983
985
986
988
989
990
991
992
993
996
997
998
999
1001
1002
1003
1004
1005
1006
1007
1008
1010
1011
1012
1013
1014
1015
1016
1017
1018
1019
1020
1021
1022
1023
1024
1025
1026
1027
1028
1029
1030
1034
1036
1037
1038
1039
1042
1043
1045
1047
1048
1049
1051
1052
1053
1054
1055
1057
1058
1059
1060
1061
1062
1063
1065
1066
1067
1068
1070
1071
1073
1074
1075
1076
1077
1078
1079
1080
1081
1084
1085
1086
1087
1088
1092
1095
1096
1097
1098
1099
1101
1103
1104
1105
1106
1107
1113
1114
1115
1116
1117
1118
1119
1120
1121
1122
1123
1124
1126
1127
1128
1129
1132
1133
1135
1136
1137
1138
1139
1143
1144
1146
1147
1148
1149
1150
1151
1152
1153
1154
1155
1156
1158
1159
1160
1162
1164
1165
1167
1171
1172
1176
1178
1179
1180
1181
1182
1183
1184
1185
1186
1187
1188
1189
1191
1193
1195
1196
1197
1198
1199
1200
1201
1202
1203
1205
1206
1207
1208
1209
1212
1214
1215
1216
1217
1218
1219
1220
1221
1224
1225
1226
1228
1229
1230
1231
1232
1233
1234
1235
1236
1237
1238
1239
1240
1241
1242
1243
1244
1245
1247
1250
1255
1257
1258
1259
1260
1261
1262
1263
1264
1266
1267
1268
1269
1270
1271
1272
1273
1274
1275
1276
1277
1278
1279
1280
1282
1283
1284
1285
1286
1288
1289
1290
1291
1294
1295
1296
1298
1299
1300
1301
1302
1304
1305
1307
1308
1310
1311
1312
1314
1315
1316
1317
1318
1321
1322
1323
1324
1325
1327
1328
1329
1330
1331
1332
1333
1334
1335
1336
1337
1338
1339
1340
1342
1343
1344
1345
1347
1348
1350
1353
1355
1356
1357
1358
1359
1361
1362
1364
1365
1366
1367
1368
1369
1370
1372
1373
1374
1375
1376
1377
1378
1379
1380
1381
1382
1383
1384
1386
1387
1391
1392
1393
1394
1395
1396
1397
1398
1399
1400
1401
1402
1405
1409
1410
1414
1416
1417
1418
1419
1420
1421
1423
1424
1425
1426
1427
1428
1429
1430
1431
1432
1433
1434
1435
1436
1437
1438
1439
1440
1441
1442
1443
1444
1445
1446
1447
1448
1450
1451
1452
1453
1454
1455
1456
1458
1459
1462
1463
1464
1465
1466
1467
1468
1469
1471
1472
1473
1474
1475
1476
1477
1478
1480
1481
1482
1483
1485
1486
1492
1495
1496
1497
1498
1499
1500
1501
1502
1505
1506
1507
1508
1509
1510
1511
1512
1513
1514
1515
1517
1518
1522
1523
1524
1525
1526
1527
1529
1530
1531
1532
1534
1536
1537
1538
1539
1540
1541
1543
1545
1547
1548
1552
1553
1554
1556
1557
1559
1560
1561
1562
1564
1565
1567
1568
1569
1572
1573
1574
1576
1577
1578
1579
1580
1581
1582
1583
1586
1588
1589
1592
1593
1594
1595
1596
1597
1598
1599
1602
1603
1605
1606
1607
1608
1610
1611
1612
1613
1614
1615
1616
1617
1618
1619
1620
1622
1626
1629
1631
1632
1633
1634
1636
1637
1638
1639
1640
1642
1643
1644
1645
1646
1647
1648
1649
1650
1651
1652
1654
1656
1657
1658
1659
1660
1661
1662
1663
1664
1665
1666
1667
1668
1669
1671
1672
1673
1674
1676
1677
1678
1679
1680
1681
1682
1683
1685
1686
1688
1690
1691
1692
1693
1694
1695
1696
1698
1699
1700
1701
1702
1703
1705
1706
1707
1708
1710
1711
1712
1714
1717
1718
1720
1721
1723
1724
1725
1726
1727
1729
1730
1731
1733
1734
1736
1737
1739
1740
1741
1742
1743
1744
1745
1748
1749
1750
1751
1753
1754
1755
1759
1760
1763
1767
1768
1769
1771
1772
1774
1775
1780
1783
1786
1787
1788
1789
1790
1791
1794
1796
1798
1801
1803
1804
1805
1806
1808
1809
1810
1811
1812
1813
1814
1815
1816
1818
1819
1820
1823
1824
1825
1826
1827
1831
1833
1834
1835
1836
1839
1840
1841
1842
1843
1845
1846
1847
1848
1849
1850
1851
1852
1855
1856
1858
1859
1861
1862
1865
1870
1872
1873
1875
1880
1882
1884
1886
1887
1889
1890
1891
1892
1897
1898
1899
1900
1901
1902
1903
1907
1910
1911
1912
1913
1916
1918
1919
1920
1922
1926
1929
1930
1931
1935
1936
1939
1940
1944
1945
1946
1947
1948
1949
1950
1952
1956
1957
1958
1961
1962
1964
1965
1967
1968
1970
1971
1972
1974
1975
1976
1977
1978
1979
1980
1981
1982
1983
1984
1985
1986
1987
1988
1989
1990
1992
1993
1995
1996
1997
1998
1999
2000
2001
2003
2004
2005
2006
2007
2008
2010
2011
2016
2017
2018
2019
2020
2024
2025
2026
2029
2031
2035
2036
2037
2040
2041
2042
2043
2044
2046
2047
2051
2053
2054
2055
2056
2057
2058
2060
2061
2063
2069
2074
2076
2077
2078
2079
2080
2082
2083
2084
2085
2086
2087
2088
2093
2096
2097
2098
2099
2100
2101
2102
2103
2104
2105
2106
2107
2108
2109
2111
2115
2116
2117
2118
2119
2120
2121
2126
2127
2128
2129
2130
2131
2132
2133
2134
2135
2136
2137
2138
2140
2141
2142
2143
2144
2145
2146
2147
2148
2149
2153
2154
2158
2160
2162
2166
2167
2168
2169
2170
2173
2174
2176
2177
2178
2179
2180
2181
2182
2183
2184
2185
2188
2192
2193
2194
2196
2197
2198
2199
2200
2201
2202
2206
2207
2208
2209
2210
2211
2212
2213
2214
2215
2217
2218
2220
2221
2222
2223
2225
2227
2229
2230
2231
2233
2234
2235
2236
2237
2239
2240
2241
2242
2245
2246
2247
2248
2249
2250
2251
2252
2254
2255
2256
2257
2258
2259
2260
2261
2263
2264
2265
2272
2273
2274
2275
2276
2277
2278
2279
2280
2281
2282
2283
2284
2286
2287
2289
2290
2292
2293
2297
2300
2302
2306
2310
2311
2312
2313
2314
2315
2316
2318
2319
2320
2321
2322
2328
2329
2330
2331
2332
2333
2334
2335
2337
2338
2339
2340
2342
2344
2345
2346
2347
2348
2349
2351
2355
2356
2358
2359
2360
2361
2362
2363
2365
2367
2368
2369
2373
2374
2375
2376
2377
2379
2380
2384
2387
2391
2397
2398
2399
2400
2401
2402
2403
2404
2406
2407
2408
2409
2410
2411
2412
2413
2414
2415
2416
2419
2420
2421
2422
2423
2424
2425
2426
2427
2428
2429
2434
2437
2438
2440
2441
2442
2443
2444
2445
2446
2447
2448
2449
2450
2451
2452
2453
2454
2456
2457
2458
2459
2460
2461
2462
2464
2465
2468
2474
2480
2481
2483
2484
2485
2486
2487
2488
2489
2490
2491
2492
2493
2494
2498
2501
2502
2503
2504
2505
2506
2507
2508
2509
2510
2511
2512
2513
2514
2516
2517
2518
2519
2520
2521
2522
2525
2526
2528
2529
2530
2531
2532
2533
2534
2535
2536
2537
2540
2542
2543
2544
2546
2547
2549
2552
2553
2554
2555
2558
2559
2560
2562
2563
2565
2566
2570
2574
2575
2576
2577
2578
2580
2581
2583
2585
2587
2588
2591
2592
2593
2594
2595
2596
2597
2598
2599
2602
2603
2605
2606
2607
2608
2609
2610
2611
2612
2613
2614
2615
2616
2617
2618
2620
2621
2622
2623
2624
2626
2630
2632
2634
2635
2636
2638
2639
2641
2642
2643
2644
2646
2647
2649
2651
2654
2655
2657
2658
2659
2661
2662
2663
2664
2665
2666
2667
2668
2670
2671
2672
2673
2674
2676
2677
2678
2679
2680
2681
2682
2683
2684
2687
2688
2689
2691
2692
2693
2696
2698
2699
2701
2703
2705
2706
2707
2708
2711
2713
2716
2718
2719
2720
2721
2722
2723
2724
2725
2726
2728
2730
2731
2732
2733
2735
2736
2737
2738
2739
2740
2741
2742
2743
2745
2749
2750
2751
2752
2753
2754
2761
2762
2764
2765
2766
2767
2768
2769
2770
2772
2773
2774
2775
2776
2777
2787
2792
2794
2795
2796
2798
2801
2802
2813
2814
2815
2817
2820
2821
2822
2827
2831
2833
2837
2838
2840
2852
2854
2855
2856
2862
2863
2864
2865
2866
2868
2869
2870
2871
2878
2879
2880
2881
2882
2884
2885
2889
2890
2891
2893
2894
2895
2896
2897
2898
2899
2907
2908
2909
2911
2914
2915
2917
2918
2920
2921
2922
2923
2927
2928
2931
2932
2933
2934
2935
2936
2938
2939
2940
2942
2943
2945
2946
2947
2949
2951
2952
2953
2954
2955
2956
2957
2958
2959
2961
2962
2963
2966
2967
2968
2970
2971
2972
2973
2974
2975
2976
2977
2978
2984
2985
2986
2987
2990
2991
2992
2998
3001
3002
3003
3004
3006
3007
3008
3009
3011
3012
3013
3014
3016
3017
3018
3019
3020
3028
3031
3032
3033
3034
3035
3036
3037
3038
3039
3040
3042
3043
3044
3045
3047
3048
3049
3050
3056
3058
3059
3060
3061
3062
3063
3064
3067
3068
3069
3070
3071
3072
3074
3075
3076
3077
3078
3079
3080
3081
3082
3085
3086
3087
3088
3089
3090
3091
3095
3096
3097
3098
3100
3101
3102
3103
3105
3106
3107
3108
3109
3110
3111
3112
3114
3115
3116
3117
3118
3120
3122
3124
3127
3128
3129
3130
3131
3138
3139
3140
3141
3142
3144
3145
3147
3148
3149
3150
3152
3153
3154
3155
3158
3159
3162
3163
3164
3165
3167
3170
3171
3172
3176
3177
3178
3179
3180
3181
3182
3183
3184
3187
3191
3192
3193
3194
3195
3196
3198
3199
3200
3201
3204
3205
3209
3211
3212
3213
3215
3216
3217
3218
3219
3221
3226
3227
3229
3231
3232
3233
3234
3235
3236
3237
3239
3240
3241
3242
3243
3244
3246
3247
3255
3256
3257
3258
3259
3260
3261
3262
3263
3265
3266
3268
3269
3271
3272
3275
3279
3280
3282
3284
3285
3286
3287
3292
3293
3294
3295
3296
3297
3298
3299
3300
3301
3302
3303
3304
3306
3310
3312
3313
3314
3315
3317
3318
3319
3320
3321
3324
3325
3326
3327
3328
3331
3332
3333
3334
3336
3337
3339
3340
3341
3342
3343
3345
3347
3348
3351
3354
3355
3356
3357
3358
3359
3361
3362
3366
3368
3369
3370
3372
3373
3376
3378
3382
3383
3385
3386
3388
3389
3390
3391
3392
3395
3396
3397
3398
3402
3403
3404
3405
3406
3407
3408
3409
3411
3419
3422
3424
3426
3428
3430
3431
3432
3435
3436
3437
3438
3439
3446
3447
3456
3457
3462
3465
3466
3467
3468
3469
3471
3473
3474
3475
3476
3477
3479
3480
3484
3485
3487
3488
3489
3490
3491
3493
3494
3495
3496
3498
3500
3501
3502
3503
3504
3507
3511
3512
3513
3514
3515
3516
3517
3518
3519
3521
3524
3526
3527
3528
3529
3530
3533
3534
3535
3536
3537
3538
3541
3542
3543
3546
3547
3552
3553
3554
3555
3558
3559
3562
3563
3564
3565
3566
3569
3570
3571
3572
3573
3574
3577
3578
3579
3580
3581
3582
3583
3584
3585
3588
3592
3593
3594
3595
3596
3598
3599
3608
3614
3622
3623
3624
3626
3627
3629
3630
3632
3633
3635
3638
3639
3642
3648
3650
3652
3654
3656
3657
3658
3659
3660
3661
3663
3664
3665
3666
3669
3670
3671
3672
3675
3676
3678
3679
3680
3681
3683
3684
3685
3687
3688
3689
3693
3694
3695
3696
3702
3703
3704
3706
3707
3708
3709
3710
3711
3712
3713
3714
3715
3719
3720
3721
3722
3723
3724
3725
3727
3728
3730
3734
3736
3737
3739
3743
3746
3751
3753
3754
3755
3757
3759
3765
3767
3769
3774
3776
3777
3778
3779
3780
3795
3796
3797
3798
3799
3802
3803
3804
3805
3813
3815
3816
3819
3820
3826
3828
3830
3831
3833
3834
3835
3836
3839
3842
3843
3844
3846
3847
3848
3849
3850
3851
3852
3853
3854
3855
3861
3862
3863
3864
3865
3866
3867
3868
3869
3871
3872
3873
3875
3876
3878
3879
3880
3889
3891
3898
3899
3900
3903
3908
3909
3910
3913
3914
3915
3916
3918
3919
3922
3923
3924
3925
3927
3933
3934
3935
3937
3938
3939
3940
3942
3950
3952
3953
3954
3956
3957
3959
3960
3964
3966
3967
3968
3969
3971
3972
3973
3974
3978
3980
3983
3984
3985
3986
3987
3989
3990
3991
3992
3993
3994
3995
4001
4002
4007
4011
4017
4023
4024
4025
4027
4029
4030
4032
4038
4040
4041
4042
4043
4044
4046
4047
4049
4050
4051
4052
4053
4054
4055
4056
4057
4058
4060
4061
4063
4064
4065
4067
4068
4069
4070
4071
4072
4073
4075
4078
4082
4083
4085
4087
4088
4089
4091
4093
4096
4098
4099
4100
4101
4103
4104
4106
4109
4112
4113
4114
4121
4122
4123
4124
4125
4126
4127
4130
4131
4133
4134
4136
4139
4140
4144
4145
4146
4147
4149
4152
4153
4154
4155
4158
4159
4160
4161
4162
4163
4164
4165
4166
4173
4175
4176
4177
4178
4179
4180
4181
4182
4184
4187
4188
4191
4193
4194
4195
4196
4197
4198
4200
4202
4208
4209
4211
4212
4213
4214
4215
4216
4218
4221
4222
4227
4228
4229
4232
4237
4238
4239
4241
4242
4243
4244
4246
4247
4248
4250
4251
4253
4255
4256
4259
4260
4264
4265
4266
4267
4268
4269
4270
4273
4280
4282
4284
4285
4288
4292
4293
4294
4295
4298
4299
4302
4303
4305
4306
4309
4312
4313
4314
4315
4318
4319
4320
4321
4322
4323
4324
4327
4329
4330
4343
4344
4346
4350
4352
4353
4354
4355
4356
4358
4367
4368
4370
4371
4372
4375
4376
4378
4379
4380
4381
4385
4389
4391
4395
4404
4409
4410
4412
4413
4414
4415
4417
4418
4420
4421
4436
4440
4444
4446
4447
4448
4449
4450
4451
4452
4454
4455
4456
4457
4458
4459
4461
4462
4463
4464
4465
4466
4467
4468
4470
4472
4473
4474
4476
4478
4482
4483
4485
4486
4489
4493
4495
4496
4499
4500
4501
4502
4503
4508
4509
4510
4511
4513
4514
4515
4517
4518
4519
4520
4523
4524
4526
4528
4529
4534
4535
4536
4538
4539
4540
4542
4543
4544
4545
4551
4552
4555
4556
4557
4558
4559
4561
4562
4563
4564
4566
4574
4575
4576
4578
4579
4580
4584
4589
4606
4607
4608
4609
4610
4611
4613
4614
4615
4624
4630
4634
4636
4638
4639
4640
4642
4644
4645
4646
4647
4648
4649
4650
4652
4653
4654
4657
4658
4660
4661
4662
4665
4670
4677
4680
4681
4685
4688
4693
4694
4695
4697
4699
4704
4705
4707
4712
4716
4718
4719
4720
4721
4728
4729
4741
4742
4751
4752
4756
4764
4768
4769
4777
4780
4781
4785
4786
4787
4788
4801
4802
4803
4808
4812
4813
4814
4815
4816
4824
4825
4827
4828
4829
4830
4833
4834
4836
4837
4842
4843
4846
4848
4849
4850
4851
4852
4853
4854
4855
4856
4857
4858
4859
4862
4868
4871
4872
4873
4874
4876
4877
4881
4883
4885
4891
4892
4893
4894
4896
4897
4898
4903
4906
4907
4908
4909
4913
4915
4916
4917
4920
4921
4922
4924
4934
4936
4937
4938
4939
4941
4945
4946
4947
4948
4949
4950
4952
4953
4956
4958
4962
4966
4967
4968
4970
4971
4972
4973
4975
4978
4987
4989
4990
4991
5004
5005
5007
5008
5009
5010
5012
5015
5020
5022
5024
5025
5030
5037
5038
5039
5040
5047
5048
5052
5053
5054
5055
5056
5060
5064
5065
5068
5070
5071
5073
5074
5075
5082
5083
5084
5086
5087
5091
5092
5093
5094
5095
5103
5104
5105
5108
5109
5113
5122
5124
5126
5127
5128
5129
5131
5135
5136
5137
5138
5140
5141
5142
5143
5144
5145
5146
5147
5150
5151
5155
5156
5157
5158
5159
5160
5162
5163
5166
5167
5168
5169
5170
5172
5173
5175
5176
5177
5180
5181
5182
5183
5184
5190
5191
5192
5193
5194
5196
5197
5198
5199
5208
5209
5219
5220
5221
5223
5224
5228
5229
5230
5232
5233
5235
5238
5240
5241
5242
5246
5248
5249
5250
5258
5264
5265
5270
5274
5275
5276
5277
5279
5281
5289
5290
5295
5300
5301
5303
5304
5306
5307
5308
5309
5311
5312
5314
5319
5324
5325
5326
5329
5330
5332
5333
5334
5335
5336
5345
5346
5349
5350
5352
5354
5355
5356
5358
5370
5373
5387
5396
5399
5400
5402
5403
5416
5421
5422
5423
5424
5425
5426
5427
5428
5429
5430
5431
5433
5434
5437
5440
5441
5445
5447
5449
5451
5452
5454
5456
5457
5463
5467
5468
5471
5477
5478
5481
5482
5483
5484
5485
5490
5491
5492
5493
5495
5497
5498
5499
5500
5501
5502
5504
5506
5516
5517
5518
5519
5520
5521
5522
5523
5524
5525
5526
5537
5538
5539
5540
5541
5542
5544
5545
5546
5547
5548
5553
5558
5561
5562
5563
5566
5567
5568
5570
5571
5572
5577
5578
5583
5584
5585
5588
5589
5591
5592
5593
5596
5597
5606
5612
5616
5618
5621
5622
5623
5624
5626
5627
5628
5629
5631
5632
5633
5634
5639
5640
5641
5642
5643
5644
5652
5653
5657
5658
5659
5661
5662
5664
5668
5675
5676
5677
5680
5681
5682
5685
5686
5687
5689
5693
5698
5700
5701
5702
5703
5707
5708
5710
5723
5732
5733
5734
5735
5737
5742
5744
5745
5751
5752
5753
5755
5760
5761
5762
5768
5770
5780
5784
5785
5790
5794
5795
5796
5797
5798
5803
5806
5807
5811
5813
5818
5819
5820
5825
5829
5830
5831
5832
5833
5835
5836
5837
5838
5839
5840
5853
5854
5864
5868
5873
5874
5875
5876
5877
5878
5879
5880
5885
5887
5888
5891
5898
5899
5900
5901
5902
5903
5904
5906
5916
5917
5918
5919
5920
5921
5926
5929
5930
5931
5932
5934
5936
5937
5938
5939
5944
5945
5949
5950
5952
5954
5955
5958
5961
5966
5971
5972
5986
5990
5991
5994
5995
5996
5997
5999
6002
6004
6006
6007
6009
6011
6019
6020
6022
6029
6030
6035
6036
6040
6042
6044
6045
6047
6051
6052
6055
6056
6057
6062
6064
6065
6068
6069
6075
6076
6077
6080
6081
6082
6085
6086
6087
6088
6089
6090
6091
6095
6098
6099
6102
6103
6104
6106
6107
6108
6109
6110
6111
6117
6118
6119
6121
6122
6123
6125
6126
6128
6129
6132
6133
6137
6138
6139
6140
6141
6142
6144
6145
6148
6149
6150
6151
6152
6153
6154
6155
6157
6158
6159
6161
6162
6163
6164
6165
6166
6175
6176
6177
6178
6179
6180
6181
6191
6194
6201
6202
6203
6205
6206
6207
6210
6212
6214
6219
6220
6224
6228
6229
6231
6234
6245
6246
6247
6249
6252
6256
6265
6270
6271
6273
6277
6278
6281
6283
6285
6287
6288
6289
6290
6291
6293
6294
6295
6296
6306
6307
6309
6310
6311
6312
6313
6314
6315
6316
6317
6318
6320
6323
6325
6326
6327
6328
6329
6330
6334
6335
6336
6339
6340
6344
6347
6348
6349
6355
6368
6369
6378
6379
6380
6381
6384
6385
6396
6397
6402
6404
6405
6406
6407
6408
6409
6410
6413
6414
6415
6420
6425
6427
6429
6430
6431
6433
6437
6438
6440
6450
6455
6456
6457
6459
6460
6466
6472
6473
6474
6475
6481
6482
6484
6485
6487
6488
6492
6493
6498
6502
6503
6504
6505
6507
6508
6509
6514
6515
6518
6521
6522
6524
6525
6526
6530
6532
6535
6542
6543
6544
6545
6546
6547
6548
6549
6550
6551
6552
6553
6554
6555
6558
6559
6560
6563
6565
6566
6567
6570
6571
6572
6573
6574
6575
6576
6594
6598
6600
6603
6604
6605
6606
6608
6609
6612
6613
6614
6615
6622
6623
6624
6625
6626
6629
6633
6635
6637
6640
6643
6644
6645
6657
6658
6659
6660
6662
6663
6664
6669
6680
6685
6692
6693
6695
6704
6705
6706
6713
6714
6715
6719
6720
6723
6726
6727
6728
6741
6750
6757
6759
6760
6761
6762
6765
6766
6767
6772
6774
6777
6779
6780
6781
6788
6789
6795
6798
6800
6801
6802
6807
6810
6811
6812
6814
6815
6816
6817
6818
6819
6822
6823
6825
6826
6835
6839
6842
6844
6845
6846
6848
6850
6855
6856
6859
6860
6861
6862
6867
6870
6872
6873
6879
6880
6881
6882
6883
6884
6885
6886
6897
6898
6899
6900
6901
6903
6904
6905
6907
6908
6911
6912
6913
6914
6917
6918
6920
6922
6924
6926
6934
6936
6941
6945
6946
6948
6949
6953
6954
6968
6971
6972
6973
6976
6979
6981
6984
6986
6988
6989
6991
6992
6995
7001
7002
7003
7004
7011
7012
7017
7024
7033
7034
7035
7037
7038
7039
7046
7047
7048
7050
7051
7052
7055
7057
7058
7059
7066
7069
7070
7073
7077
7078
7079
7085
7086
7087
7090
7091
7093
7094
7097
7099
7100
7101
7103
7104
7106
7107
7110
7111
7112
7114
7115
7119
7120
7121
7122
7123
7124
7125
7126
7127
7128
7129
7130
7131
7132
7133
7134
7136
7137
7139
7140
7141
7143
7146
7158
7159
7162
7172
7181
7182
7183
7184
7185
7186
7187
7188
7190
7193
7194
7196
7199
7201
7210
7212
7213
7216
7220
7227
7228
7229
7230
7238
7245
7247
7253
7254
7256
7259
7260
7261
7267
7269
7270
7271
7272
7273
7277
7278
7288
7289
7291
7292
7295
7296
7297
7298
7299
7300
7307
7308
7309
7310
7318
7321
7322
7326
7329
7335
7337
7340
7351
7359
7360
7361
7362
7363
7364
7367
7378
7386
7388
7390
7391
7397
7402
7404
7407
7408
7409
7410
7411
7413
7414
7415
7416
7419
7420
7421
7422
7425
7427
7429
7432
7438
7439
7440
7441
7442
7447
7449
7452
7455
7461
7463
7465
7467
7469
7470
7473
7474
7475
7480
7481
7482
7485
7486
7487
7488
7495
7500
7502
7508
7509
7510
7511
7512
7517
7522
7523
7524
7526
7528
7530
7531
7532
7533
7534
7535
7536
7538
7539
7540
7541
7542
7546
7549
7552
7553
7554
7555
7556
7557
7558
7564
7565
7576
7577
7580
7582
7585
7586
7587
7588
7590
7591
7595
7604
7605
7606
7607
7608
7611
7616
7617
7619
7621
7622
7623
7624
7625
7626
7628
7629
7634
7639
7640
7641
7642
7644
7645
7651
7664
7667
7671
7674
7675
7677
7679
7683
7684
7686
7697
7698
7699
7701
7702
7708
7709
7733
7734
7738
7742
7746
7747
7749
7750
7752
7754
7756
7758
7759
7760
7761
7762
7767
7770
7771
7776
7780
7782
7783
7786
7789
7792
7793
7794
7795
7796
7797
7799
7800
7801
7802
7817
7821
7824
7827
7828
7830
7833
7834
7842
7843
7847
7849
7854
7855
7861
7862
7863
7867
7868
7879
7881
7882
7885
7886
7887
7890
7894
7895
7896
7899
7900
7901
7902
7918
7923
7924
7925
7926
7927
7928
7930
7935
7936
7950
7954
7955
7958
7959
7960
7961
7963
7966
7970
7972
7973
7985
7986
7989
7990
7993
7994
7998
7999
8005
8006
8008
8009
8015
8016
8017
8019
8020
8021
8030
8032
8033
8039
8040
8041
8044
8048
8052
8053
8055
8058
8059
8060
8061
8062
8067
8069
8071
8072
8073
8075
8081
8082
8083
8087
8088
8089
8090
8091
8092
8096
8099
8102
8103
8104
8105
8106
8108
8109
8110
8112
8113
8114
8115
8116
8121
8122
8123
8129
8132
8136
8139
8140
8141
8145
8153
8154
8160
8162
8163
8164
8165
8166
8168
8169
8170
8171
8174
8181
8184
8185
8194
8198
8203
8204
8205
8207
8210
8211
8214
8223
8241
8243
8245
8246
8249
8250
8251
8258
8259
8260
8271
8273
8274
8275
8276
8278
8280
8281
8282
8288
8290
8291
8292
8299
8300
8303
8304
8308
8311
8314
8315
8316
8317
8318
8320
8321
8322
8333
8342
8343
8344
8345
8346
8349
8356
8359
8360
8366
8368
8372
8373
8384
8386
8389
8391
8392
8393
8395
8396
8397
8398
8399
8400
8401
8402
8403
8404
8405
8410
8411
8413
8414
8423
8424
8429
8431
8434
8445
8446
8447
8454
8456
8457
8462
8464
8466
8468
8469
8470
8476
8477
8481
8482
8494
8499
8503
8504
8506
8508
8510
8511
8513
8514
8515
8516
8517
8518
8519
8521
8523
8524
8534
8535
8536
8537
8538
8540
8541
8546
8564
8567
8570
8572
8573
8579
8587
8589
8590
8592
8593
8598
8599
8601
8607
8608
8609
8611
8621
8622
8623
8624
8626
8627
8633
8649
8653
8656
8657
8658
8659
8660
8663
8664
8665
8666
8667
8668
8677
8679
8680
8681
8683
8684
8691
8692
8701
8713
8714
8715
8720
8725
8729
8730
8734
8737
8738
8744
8745
8749
8752
8753
8759
8761
8768
8770
8771
8773
8776
8777
8778
8779
8780
8781
8783
8784
8786
8788
8789
8794
8806
8810
8812
8815
8823
8824
8831
8832
8835
8843
8849
8854
8861
8864
8866
8867
8868
8872
8876
8877
8882
8883
8884
8891
8900
8902
8903
8905
8906
8908
8909
8910
8911
8912
8917
8918
8931
8932
8936
8940
8942
8943
8945
8948
8955
8957
8965
8966
8968
8972
8975
8976
8979
8981
8982
8988
8991
8997
8998
8999
9001
9012
9014
9019
9020
9021
9022
9023
9030
9033
9036
9037
9040
9041
9045
9049
9050
9051
9054
9055
9057
9063
9064
9065
9066
9068
9069
9071
9073
9074
9078
9084
9086
9087
9088
9089
9091
9092
9094
9095
9096
9099
9103
9104
9105
9123
9144
9145
9146
9147
9150
9151
9152
9153
9162
9163
9166
9180
9181
9184
9185
9192
9193
9194
9196
9202
9207
9208
9209
9211
9217
9218
9223
9224
9225
9227
9231
9232
9233
9241
9242
9252
9253
9255
9256
9257
9258
9260
9262
9263
9264
9266
9270
9272
9273
9274
9279
9281
9282
9286
9292
9293
9294
9296
9297
9299
9300
9302
9303
9304
9315
9316
9317
9318
9319
9320
9321
9324
9325
9326
9327
9330
9331
9341
9342
9349
9355
9366
9371
9372
9373
9374
9375
9376
9377
9378
9379
9380
9381
9387
9395
9396
9403
9405
9406
9415
9416
9418
9425
9426
9427
9429
9435
9436
9438
9439
9444
9445
9446
9450
9451
9453
9458
9463
9476
9477
9481
9485
9486
9487
9492
9494
9495
9496
9497
9500
9501
9502
9503
9504
9505
9506
9513
9514
9517
9518
9519
9520
9521
9522
9526
9527
9528
9529
9535
9538
9541
9546
9549
9550
9551
9552
9566
9569
9571
9572
9574
9575
9576
9583
9584
9589
9590
9591
9593
9597
9600
9602
9603
9604
9605
9608
9615
9616
9634
9638
9639
9641
9642
9644
9645
9646
9648
9650
9654
9655
9659
9661
9662
9663
9666
9671
9673
9674
9682
9683
9687
9702
9706
9707
9710
9711
9712
9713
9720
9721
9726
9727
9731
9734
9737
9750
9753
9760
9761
9762
9763
9764
9765
9766
9768
9770
9771
9773
9781
9794
9804
9805
9806
9810
9812
9813
9814
9819
9821
9828
9836
9842
9843
9846
9847
9849
9850
9851
9853
9854
9858
9859
9864
9866
9873
9881
9882
9887
9888
9889
9890
9891
9893
9898
9899
9902
9913
9914
9921
9925
9927
9928
9930
9937
9947
9949
9950
9952
9953
9954
9955
9956
9957
9961
9970
9979
9980
9981
9994
9995
9996
10000
10002
10003
10004
10005
10012
10018
10022
10023
10027
10031
10032
10033
10034
10036
10037
10039
10045
10046
10047
10051
10052
10053
10055
10060
10061
10066
10069
10070
10071
10072
10073
10074
10076
10077
10078
10081
10082
10085
10086
10087
10092
10126
10127
10128
10129
10132
10140
10145
10148
10156
10166
10167
10168
10171
10178
10187
10188
10189
10190
10191
10193
10200
10202
10205
10207
10213
10214
10215
10223
10224
10228
10237
10238
10239
10240
10242
10243
10244
10245
10246
10247
10252
10260
10262
10263
10264
10268
10274
10275
10276
10277
10278
10279
10280
10281
10284
10285
10286
10297
10306
10307
10308
10309
10310
10312
10313
10321
10323
10340
10341
10348
10353
10354
10356
10357
10358
10359
10360
10362
10363
10368
10369
10371
10375
10377
10381
10387
10388
10390
10398
10400
10402
10403
10408
10409
10415
10417
10421
10423
10428
10445
10458
10459
10466
10467
10468
10469
10472
10474
10477
10478
10479
10480
10483
10484
10487
10495
10496
10497
10498
10499
10501
10502
10503
10508
10510
10511
10512
10519
10520
10523
10525
10528
10531
10532
10533
10534
10535
10548
10552
10553
10560
10562
10563
10565
10566
10571
10572
10573
10575
10579
10582
10584
10585
10586
10587
10588
10590
10594
10596
10599
10600
10616
10619
10620
10621
10622
10623
10624
10625
10627
10644
10645
10648
10653
10655
10671
10677
10684
10691
10692
10693
10695
10701
10702
10703
10708
10709
10716
10717
10723
10732
10734
10735
10742
10744
10745
10746
10748
10750
10751
10752
10753
10758
10762
10764
10765
10766
10767
10768
10769
10770
10774
10787
10788
10795
10801
10803
10811
10817
10818
10820
10823
10824
10829
10831
10834
10836
10840
10841
10843
10847
10848
10849
10853
10854
10855
10862
10863
10864
10868
10869
10870
10871
10872
10873
10874
10881
10882
10884
10885
10886
10887
10889
10895
10896
10897
10903
10919
10920
10929
10930
10931
10932
10934
10936
10944
10952
10955
10956
10976
10977
10978
10986
10987
10989
10994
10999
11000
11004
11005
11013
11014
11015
11016
11018
11019
11021
11027
11032
11034
11038
11042
11043
11045
11048
11049
11050
11051
11053
11054
11055
11056
11064
11068
11069
11084
11111
11114
11122
11125
11127
11129
11130
11131
11148
11149
11150
11167
11168
11170
11171
11175
11182
11184
11187
11189
11195
11196
11197
11205
11206
11219
11220
11221
11224
11234
11235
11242
11248
11252
11256
11260
11266
11267
11268
11271
11279
11286
11288
11294
11295
11302
11305
11313
11330
11335
11336
11337
11338
11341
11342
11343
11344
11345
11353
11357
11359
11379
11380
11384
11393
11403
11405
11406
11408
11410
11416
11417
11427
11448
11450
11454
11456
11459
11460
11461
11462
11464
11466
11469
11471
11475
11479
11485
11497
11505
11507
11510
11513
11514
11515
11516
11517
11518
11534
11538
11544
11547
11550
11553
11554
11555
11557
11561
11562
11565
11566
11567
11570
11572
11573
11576
11579
11580
11582
11595
11598
11601
11605
11606
11609
11611
11614
11623
11624
11626
11630
11637
11655
11659
11661
11665
11666
11670
11674
11675
11677
11683
11684
11685
11687
11688
11689
11690
11691
11694
11698
11700
11704
11714
11716
11717
11724
11725
11726
11727
11728
11730
11733
11735
11741
11746
11747
11748
11750
11751
11752
11769
11777
11781
11782
11783
11790
11795
11804
11805
11813
11814
11816
11817
11821
11830
11831
11835
11836
11837
11839
11844
11845
11846
11849
11851
11852
11863
11864
11865
11866
11875
11878
11880
11886
11891
11901
11902
11912
11913
11914
11926
11931
11935
11938
11939
11947
11949
11952
11953
11957
11960
11964
11967
11969
11976
11977
11981
11982
11983
11984
11985
11986
11987
11991
11996
11997
12000
12001
12003
12019
12020
12024
12027
12030
12031
12032
12033
12035
12036
12037
12038
12051
12064
12065
12066
12079
12080
12081
12087
12088
12093
12096
12112
12130
12131
12132
12135
12144
12147
12157
12164
12166
12169
12171
12175
12178
12179
12184
12187
12198
12202
12206
12215
12216
12230
12232
12239
12245
12247
12248
12249
12250
12251
12261
12265
12270
12277
12287
12288
12294
12305
12306
12312
12317
12319
12320
12321
12322
12323
12325
12327
12335
12338
12339
12341
12345
12351
12361
12369
12370
12372
12373
12385
12409
12426
12431
12432
12433
12436
12437
12438
12441
12442
12443
12444
12446
12447
12448
12449
12451
12474
12486
12489
12492
12493
12495
12496
12497
12498
12499
12520
12526
12527
12528
12529
12535
12536
12537
12539
12543
12548
12554
12563
12565
12573
12580
12581
12582
12583
12585
12586
12588
12608
12612
12629
12656
12657
12659
12666
12669
12671
12672
12673
12676
12681
12682
12683
12696
12698
12699
12707
12708
12710
12715
12728
12729
12730
12733
12738
12756
12759
12766
12780
12785
12787
12803
12804
12808
12812
12817
12818
12819
12826
12827
12832
12833
12834
12835
12845
12846
12847
12849
12861
12862
12873
12884
12896
12900
12908
12909
12917
12920
12921
12922
12926
12932
12936
12942
12946
12954
12958
12965
12967
12968
12969
12975
12978
12979
12982
12983
12985
12991
12993
13006
13013
13014
13015
13017
13018
13019
13020
13032
13033
13036
13045
13048
13053
13061
13062
13066
13074
13075
13078
13082
13094
13106
13112
13113
13127
13129
13139
13141
13144
13146
13151
13152
13153
13156
13157
13166
13180
13183
13184
13185
13196
13210
13214
13216
13217
13226
13227
13229
13230
13231
13232
13233
13242
13250
13253
13256
13259
13267
13268
13269
13270
13276
13277
13278
13282
13294
13299
13301
13303
13304
13307
13309
13317
13320
13327
13338
13349
13351
13352
13354
13381
13391
13405
13408
13419
13420
13421
13426
13430
13431
13433
13438
13441
13450
13451
13461
13471
13474
13475
13477
13478
13479
13480
13481
13502
13508
13510
13511
13517
13518
13519
13521
13523
13525
13530
13531
13536
13541
13545
13555
13559
13562
13563
13564
13565
13567
13568
13569
13570
13578
13590
13592
13594
13607
13608
13619
13634
13638
13640
13641
13648
13653
13655
13658
13664
13665
13674
13678
13680
13681
13685
13688
13689
13690
13691
13709
13710
13711
13726
13738
13741
13742
13746
13747
13748
13749
13755
13760
13767
13785
13786
13787
13794
13799
13800
13801
13805
13808
13809
13810
13813
13815
13816
13827
13828
13829
13830
13842
13843
13844
13854
13855
13856
13867
13889
13890
13891
13895
13901
13902
13903
13907
13913
13924
13928
13940
13945
13948
13950
13951
13956
13960
13961
13964
13967
13971
13973
13975
13988
13991
13996
13997
13999
14000
14001
14002
14009
14014
14015
14022
14026
14027
14037
14038
14039
14043
14044
14057
14060
14064
14065
14072
14075
14076
14078
14079
14095
14096
14106
14108
14111
14115
14121
14123
14128
14133
14134
14135
14136
14139
14148
14160
14166
14167
14177
14188
14196
14198
14199
14203
14210
14211
14212
14213
14214
14228
14235
14241
14249
14251
14252
14258
14259
14260
14262
14263
14269
14270
14276
14281
14282
14283
14284
14285
14286
14289
14296
14302
14303
14305
14309
14316
14324
14331
14334
14339
14346
14369
14370
14373
14380
14396
14399
14401
14402
14404
14410
14411
14412
14415
14420
14432
14449
14453
14456
14459
14460
14461
14462
14463
14480
14481
14484
14490
14492
14493
14500
14503
14505
14512
14513
14518
14519
14520
14527
14529
14537
14544
14545
14546
14547
14548
14549
14550
14551
14552
14560
14572
14576
14589
14616
14617
14620
14622
14623
14630
14635
14637
14658
14662
14663
14670
14671
14672
14673
14684
14687
14692
14708
14712
14723
14728
14729
14731
14732
14741
14746
14765
14766
14767
14769
14775
14781
14782
14783
14794
14795
14798
14799
14802
14803
14810
14811
14813
14823
14824
14825
14826
14835
14836
14837
14838
14839
14843
14849
14851
14873
14877
14883
14906
14910
14918
14922
14925
14926
14930
14931
14932
14937
14938
14946
14948
14949
14957
14958
14970
14976
14983
14984
14985
14997
15004
15009
15019
15024
15025
15026
15042
15046
15047
15054
15058
15060
15061
15065
15075
15076
15077
15078
15080
15085
15093
15103
15105
15110
15115
15116
15121
15130
15147
15148
15149
15162
15170
15181
15183
15185
15193
15194
15195
15196
15197
15199
15210
15211
15223
15231
15240
15242
15243
15244
15245
15247
15251
15252
15258
15263
15264
15266
15267
15278
15281
15283
15284
15306
15308
15312
15316
15319
15320
15348
15351
15355
15372
15378
15382
15383
15384
15389
15394
15397
15402
15419
15435
15438
15444
15445
15453
15454
15462
15466
15470
15472
15475
15482
15483
15485
15487
15494
15495
15499
15500
15509
15511
15524
15525
15526
15527
15528
15529
15531
15533
15534
15554
15558
15597
15601
15604
15612
15619
15637
15644
15645
15653
15654
15655
15663
15679
15682
15689
15690
15694
15696
15705
15710
15711
15714
15726
15727
15734
15736
15743
15746
15747
15748
15750
15751
15753
15757
15763
15764
15765
15773
15774
15779
15802
15803
15806
15807
15808
15817
15818
15819
15820
15821
15839
15846
15853
15854
15855
15856
15861
15871
15879
15888
15892
15894
15897
15904
15910
15911
15912
15913
15914
15915
15919
15920
15921
15928
15931
15952
15973
15979
15986
15990
15991
16001
16005
16006
16007
16008
16021
16024
16028
16029
16032
16036
16042
16043
16047
16049
16053
16060
16075
16085
16087
16097
16103
16111
16112
16129
16130
16131
16162
16163
16175
16176
16179
16189
16197
16202
16204
16225
16226
16227
16233
16234
16240
16245
16254
16260
16265
16266
16272
16273
16288
16290
16294
16298
16320
16321
16337
16351
16360
16361
16366
16370
16375
16376
16377
16379
16384
16399
16406
16416
16417
16420
16436
16445
16450
16452
16456
16457
16460
16464
16476
16477
16482
16483
16485
16486
16491
16493
16502
16507
16508
16509
16510
16511
16513
16514
16516
16536
16539
16576
16580
16586
16587
16594
16599
16601
16606
16608
16619
16620
16626
16627
16629
16634
16635
16636
16645
16671
16672
16673
16676
16687
16693
16696
16713
16728
16729
16730
16731
16732
16733
16735
16736
16739
16745
16746
16758
16773
16775
16778
16782
16783
16787
16789
16790
16799
16800
16801
16802
16836
16837
16840
16843
16847
16850
16853
16859
16870
16875
16886
16892
16893
16894
16896
16910
16911
16913
16934
16961
16972
16973
16976
16987
16988
16989
16990
16995
17003
17006
17010
17011
17014
17024
17025
17031
17032
17033
17037
17040
17041
17046
17057
17067
17074
17078
17079
17082
17085
17086
17094
17096
17108
17112
17113
17121
17144
17145
17157
17158
17160
17179
17186
17206
17207
17208
17209
17216
17222
17233
17242
17258
17270
17276
17278
17280
17333
17335
17342
17346
17348
17353
17354
17357
17358
17361
17383
17397
17398
17399
17400
17402
17415
17417
17427
17432
17434
17436
17438
17439
17446
17459
17464
17465
17467
17473
17474
17484
17489
17490
17492
17493
17494
17518
17549
17568
17576
17581
17583
17593
17594
17601
17608
17609
17613
17622
17629
17644
17647
17649
17657
17658
17669
17671
17672
17674
17675
17678
17691
17695
17700
17703
17710
17711
17712
17713
17714
17715
17716
17719
17721
17727
17728
17731
17734
17740
17743
17755
17757
17762
17771
17772
17781
17783
17788
17793
17814
17817
17818
17819
17821
17825
17839
17840
17852
17875
17877
17878
17883
17885
17888
17892
17895
17916
17928
17943
17961
17969
17970
17971
17972
17977
17987
17988
17992
17993
18014
18015
18021
18025
18039
18050
18051
18052
18056
18061
18062
18063
18064
18067
18068
18076
18090
18094
18095
18103
18112
18126
18127
18139
18143
18144
18161
18164
18168
18187
18197
18203
18204
18215
18218
18224
18229
18246
18252
18274
18313
18317
18324
18328
18340
18341
18343
18348
18365
18370
18380
18381
18382
18409
18416
18418
18424
18428
18429
18441
18446
18449
18455
18456
18457
18468
18471
18472
18474
18475
18479
18488
18500
18531
18550
18552
18558
18563
18565
18576
18583
18590
18591
18606
18615
18620
18651
18654
18655
18659
18660
18665
18673
18674
18677
18682
18695
18696
18703
18709
18710
18720
18722
18723
18724
18734
18737
18751
18754
18764
18765
18769
18775
18776
18777
18784
18800
18801
18802
18803
18806
18807
18815
18834
18843
18856
18857
18860
18877
18886
18898
18909
18924
18925
18943
18952
18954
18970
18974
18975
18994
18995
18996
18997
19003
19004
19006
19021
19031
19032
19038
19043
19044
19045
19049
19050
19058
19066
19072
19077
19097
19098
19105
19108
19109
19143
19150
19151
19168
19186
19197
19202
19206
19211
19222
19224
19234
19244
19256
19259
19267
19295
19306
19316
19322
19325
19327
19347
19352
19362
19364
19365
19367
19381
19400
19401
19407
19410
19411
19417
19431
19434
19438
19439
19450
19456
19457
19482
19486
19507
19524
19526
19527
19534
19540
19545
19558
19562
19565
19572
19573
19582
19588
19618
19633
19636
19641
19677
19684
19690
19691
19700
19701
19705
19713
19718
19734
19735
19736
19746
19747
19750
19754
19756
19757
19770
19779
19781
19782
19783
19784
19788
19793
19796
19799
19815
19837
19838
19841
19846
19855
19858
19879
19900
19903
19906
19912
19917
19924
19929
19933
19947
19948
19950
19951
19956
19974
19976
19977
19978
20002
20012
20019
20023
20024
20025
20030
20039
20053
20064
20069
20085
20090
20102
20124
20131
20150
20151
20155
20167
20178
20187
20199
20215
20220
20238
20239
20246
20276
20287
20288
20292
20300
20306
20323
20324
20328
20333
20343
20344
20362
20381
20387
20391
20392
20396
20398
20412
20415
20417
20420
20423
20431
20437
20438
20451
20463
20464
20467
20515
20521
20526
20527
20546
20551
20552
20553
20554
20573
20574
20599
20607
20614
20617
20622
20657
20671
20672
20676
20678
20681
20686
20699
20715
20716
20717
20721
20726
20727
20728
20737
20741
20760
20762
20769
20774
20777
20786
20796
20814
20818
20819
20820
20822
20834
20836
20837
20839
20851
20860
20881
20882
20883
20884
20887
20905
20928
20929
20931
20932
20936
20937
20951
20955
20959
20975
20983
21000
21006
21007
21011
21012
21028
21034
21046
21060
21085
21105
21108
21112
21119
21131
21135
21148
21153
21159
21169
21177
21180
21182
21196
21204
21206
21222
21259
21260
21262
21268
21273
21281
21287
21291
21301
21309
21314
21324
21336
21343
21372
21373
21377
21379
21384
21387
21400
21403
21412
21413
21417
21418
21419
21444
21445
21496
21502
21507
21508
21509
21527
21532
21533
21535
21548
21559
21563
21579
21580
21588
21594
21598
21600
21602
21603
21638
21643
21646
21652
21653
21654
21659
21662
21666
21667
21670
21675
21680
21696
21707
21708
21710
21713
21719
21743
21744
21750
21752
21755
21766
21767
21777
21783
21794
21797
21799
21800
21803
21805
21806
21817
21818
21820
21829
21832
21835
21840
21841
21850
21863
21865
21868
21884
21886
21898
21902
21909
21910
21912
21913
21918
21920
21926
21939
21940
21964
21981
21985
21986
21987
21993
22015
22041
22086
22093
22100
22129
22134
22149
22158
22161
22163
22177
22195
22210
22228
22240
22242
22249
22250
22256
22257
22262
22268
22275
22290
22295
22305
22319
22324
22325
22353
22358
22360
22374
22381
22384
22393
22398
22399
22400
22405
22413
22425
22426
22477
22478
22483
22488
22489
22490
22508
22514
22516
22517
22519
22541
22569
22575
22579
22584
22596
22604
22607
22620
22622
22624
22633
22634
22640
22643
22648
22654
22655
22656
22661
22674
22693
22700
22717
22723
22724
22725
22733
22738
22739
22748
22758
22775
22778
22784
22798
22801
22809
22810
22819
22822
22844
22846
22849
22867
22879
22891
22893
22894
22899
22901
22945
22952
22962
22966
22967
22968
22975
22984
22993
22996
23008
23053
23067
23074
23089
23110
23116
23129
23130
23142
23146
23157
23158
23163
23168
23177
23211
23221
23224
23230
23231
23238
23243
23249
23257
23265
23271
23273
23276
23296
23300
23306
23329
23332
23334
23335
23362
23374
23379
23380
23386
23406
23442
23448
23458
23464
23469
23470
23489
23495
23545
23550
23556
23557
23565
23586
23588
23589
23591
23594
23601
23605
23608
23614
23615
23621
23624
23625
23629
23637
23642
23669
23670
23671
23680
23691
23705
23706
23719
23720
23729
23739
23756
23759
23761
23765
23779
23782
23791
23800
23803
23805
23827
23828
23830
23848
23860
23871
23872
23874
23875
23880
23882
23898
23926
23947
23948
23949
23956
23963
23965
23973
23977
23991
24048
24054
24055
24056
24074
24080
24091
24110
24111
24123
24131
24139
24141
24144
24147
24149
24160
24190
24202
24204
24205
24212
24219
24224
24230
24243
24257
24281
24286
24297
24298
24315
24316
24331
24333
24343
24359
24360
24361
24367
24387
24427
24429
24439
24445
24450
24451
24452
24476
24538
24546
24569
24570
24575
24581
24582
24585
24586
24589
24595
24596
24602
24605
24606
24609
24610
24623
24640
24650
24651
24652
24653
24661
24677
24686
24687
24700
24710
24720
24737
24740
24746
24757
24760
24763
24781
24784
24795
24806
24808
24811
24829
24852
24853
24855
24861
24863
24879
24907
24937
24946
24958
24992
25029
25032
25054
25055
25061
25065
25066
25072
25075
25077
25092
25095
25104
25112
25119
25120
25121
25125
25130
25133
25181
25182
25183
25193
25205
25224
25238
25266
25267
25305
25311
25314
25323
25324
25336
25339
25340
25341
25343
25348
25368
25372
25400
25410
25412
25420
25426
25431
25435
25440
25446
25457
25459
25483
25499
25507
25522
25527
25548
25550
25562
25563
25566
25567
25576
25577
25583
25586
25590
25591
25597
25633
25642
25665
25667
25668
25672
25674
25678
25691
25700
25701
25707
25723
25727
25738
25741
25744
25752
25754
25761
25764
25765
25789
25792
25810
25834
25837
25842
25844
25859
25860
25888
25902
25911
25939
25951
25953
25956
25973
25980
26010
26042
26046
26053
26085
26101
26106
26110
26111
26123
26140
26162
26163
26174
26177
26186
26202
26219
26229
26230
26247
26248
26266
26273
26289
26292
26304
26317
26320
26321
26322
26323
26324
26329
26349
26364
26381
26390
26391
26393
26394
26401
26407
26412
26413
26414
26421
26427
26438
26440
26478
26488
26497
26503
26504
26507
26508
26544
26548
26557
26558
26564
26567
26572
26579
26613
26614
26623
26651
26653
26657
26659
26671
26672
26681
26682
26688
26708
26714
26719
26722
26735
26745
26746
26770
26791
26793
26815
26818
26823
26825
26828
26859
26869
26883
26892
26898
26899
26920
26937
26978
26989
26991
27004
27021
27023
27034
27039
27046
27055
27056
27066
27074
27082
27091
27092
27155
27158
27163
27194
27200
27210
27211
27228
27229
27256
27270
27285
27298
27301
27302
27303
27304
27305
27310
27330
27354
27372
27374
27382
27383
27388
27393
27394
27402
27408
27425
27435
27444
27459
27461
27469
27477
27482
27484
27485
27488
27489
27524
27525
27528
27529
27538
27539
27542
27545
27548
27549
27551
27557
27593
27594
27595
27604
27629
27633
27634
27653
27660
27662
27663
27685
27689
27695
27700
27701
27703
27714
27716
27726
27727
27733
27751
27765
27772
27782
27795
27796
27799
27804
27806
27822
27845
27850
27859
27864
27866
27873
27876
27879
27880
27901
27916
27961
27970
27972
27978
27988
27996
28004
28009
28015
28047
28063
28068
28073
28128
28134
28136
28148
28170
28173
28175
28181
28191
28192
28209
28210
28236
28251
28266
28267
28272
28273
28279
28283
28284
28285
28286
28291
28299
28311
28335
28369
28374
28375
28383
28389
28395
28398
28400
28416
28426
28450
28462
28466
28467
28468
28469
28470
28496
28530
28537
28564
28574
28575
28576
28585
28606
28610
28613
28634
28639
28643
28645
28666
28670
28682
28684
28687
28695
28696
28707
28728
28732
28753
28768
28775
28777
28780
28785
28787
28829
28831
28840
28845
28847
28854
28855
28857
28858
28860
28861
28882
28884
28911
28951
28953
28964
28977
28988
28990
28996
29008
29018
29028
29044
29106
29109
29112
29115
29117
29129
29131
29151
29162
29172
29173
29174
29175
29190
29191
29217
29218
29232
29263
29265
29266
29267
29272
29292
29301
29323
29336
29350
29355
29356
29364
29370
29374
29379
29382
29386
29393
29397
29407
29431
29450
29451
29453
29477
29487
29493
29500
29501
29555
29557
29565
29591
29598
29602
29615
29616
29620
29624
29625
29626
29638
29651
29662
29665
29688
29709
29713
29743
29758
29761
29766
29768
29779
29784
29787
29812
29821
29826
29828
29835
29863
29897
29903
29910
29934
29943
29953
29958
29960
29995
29997
30009
30017
30025
30027
30087
30090
30096
30098
30100
30101
30102
30132
30133
30143
30153
30154
30155
30156
30171
30172
30177
30182
30198
30213
30237
30241
30244
30245
30246
30247
30250
30273
30297
30315
30320
30331
30336
30337
30345
30362
30363
30378
30405
30412
30419
30422
30430
30431
30432
30434
30458
30468
30470
30491
30492
30508
30523
30536
30537
30538
30546
30548
30556
30559
30572
30577
30583
30601
30605
30606
30607
30632
30644
30645
30646
30669
30694
30739
30742
30747
30749
30757
30759
30773
30793
30802
30809
30816
30829
30844
30858
30861
30915
30916
30920
30921
30934
30939
30962
30978
30980
30990
30998
31006
31015
31063
31071
31077
31079
31081
31082
31083
31113
31124
31134
31135
31137
31152
31153
31163
31179
31180
31194
31204
31206
31222
31225
31226
31227
31253
31254
31278
31292
31298
31312
31317
31334
31340
31343
31344
31367
31393
31397
31403
31405
